[missing0]
pointID = 0
time = Wed Jul 18 12:34:06 2012
x = -2.85651e+006
y = 3.3083e+006
course = 0

[missing1]
pointID = 0
time = Wed Jul 18 12:39:31 2012
x = -2.85651e+006
y = 3.3083e+006
course = 0

