[missing0]
pointID = 0
time = Tue Jul 17 18:43:29 2012
x = -2.84813e+006
y = 3.30828e+006
course = 0

[missing1]
pointID = -1
time = Wed Jul 18 07:43:24 2012
x = -2.84808e+006
y = 3.30835e+006
course = 0

