[missing0]
pointID = 0
time = Tue Jul 17 18:43:29 2012
x = -2.84813e+006
y = 3.30828e+006
course = 0

