[missing0]
pointID = 1
time = Sun Jul 15 16:41:40 2012
x = 3.71443
y = 0.370133
course = 0

