[missing5]
pointID = 1
time = Tue Jul 17 16:32:34 2012
x = -2.86308e+006
y = 3.31009e+006
course = 0

[missing0]
pointID = 0
time = Tue Jul 17 16:32:41 2012
x = -2.86308e+006
y = 3.31009e+006
course = 0

