[missing0]
pointID = 1
time = Sun Jul 15 15:16:32 2012
x = 1.95008
y = 2.96106
course = 0

