[missing0]
pointID = 1
time = Sun Jul 15 16:31:16 2012
x = 2.97155
y = 1.6656
course = 0

[hit0]
pointID = 1
time = Sun Jul 15 16:36:24 2012
x = 2.22866
y = 1.1104
course = 0

[hit0]
pointID = 1
time = Sun Jul 15 16:36:35 2012
x = 2.32152
y = 1.1104
course = 0

[hit0]
pointID = 1
time = Sun Jul 15 16:36:49 2012
x = 2.6001
y = 1.1104
course = 0

