[hit0]
pointID = 1
time = Sun Jul 15 16:39:48 2012
x = 2.69296
y = 0.925332
course = 0

